"logistic regression" "KNN" "random forest" "naive bayes" "neural network"
"abalone" 0.27508480167359 0.202420273735463 0.265538043375463 0.238410445705773 0.290961196559251
"australian" 0.865619900133967 0.786971136280599 0.86820302033857 0.772350505419559 0.792811472415053
"automobile" 0.762406898656899 0.766990231990232 0.900666971916972 0.625937118437118 0.7204884004884
"balance" 0.897807702315899 0.756654957064793 0.84143897996357 0.908814728077023 0.94548139474369
"breast" 0.707334428024083 0.699812990330232 0.714345010034665 0.744485495347564 0.649785623061485
"bupa" 0.701680672268908 0.634957983193277 0.765042016806723 0.562436974789916 0.649495798319328
"car" 0.937563092638572 0.917721204453207 0.979189860282194 0.866324983970589 0.977412181420109
"cleveland" 0.59480702764977 0.50218990015361 0.576129992319508 0.546283602150538 0.530866935483871
"crx" 0.84945877039627 0.789729749417249 0.877158362470863 0.774791666666667 0.784001311188811
"dermatology" 0.914241486068111 0.94671482628139 0.980392156862745 0.832232542139663 0.983169934640523
"german" 0.741 0.676 0.774 0.754 0.671
"glass" 0.657922391618044 0.736812848986762 0.808258987389422 0.394949494949495 0.645515088775958
"hayes-roth" 0.555294117647059 0.678398692810458 0.804885620915033 0.755718954248366 0.690702614379085
"heart" 0.837037037037037 0.77037037037037 0.840740740740741 0.844444444444444 0.748148148148148
"ionosphere" 0.882203548085901 0.874439775910364 0.934481792717087 0.900494864612512 0.89984593837535
"led7digit" 0.656099842335862 0.533629486307614 0.593425498566653 0.581443147216278 0.547706830328967
"letter" 0.708690444947021 0.957657482883632 0.96981111442016 0.64403865733955 0.730028931615923
"lymphography" 0.777440476190476 0.777063492063492 0.848928571428571 0.832579365079365 0.792202380952381
"mushroom" 0.999823008849558 1 1 0.953401054749802 1
"optdigits" 0.963363847405316 0.981145983637719 0.985070894002252 0.833314827887389 0.947030139229719
"satimage" 0.833589799328003 0.908334857285103 0.923105649674166 0.796472808591761 0.877259524782584
"spambase" 0.926528121445623 0.918041407275975 0.95440634311139 0.711584696510186 0.924843043583542
"splice" 0.909421852502062 0.790634037055533 0.970235774306426 0.957705257633661 0.902848601517848
"tic-tac-toe" 0.98331049918611 0.900850741544583 0.991677179417616 0.693240527220112 0.853929395008139
"vehicle" 0.804713630806969 0.698274478295169 0.756311493154417 0.464498191433972 0.774024341908787
"vowel" 0.71010101010101 0.994949494949495 0.977777777777778 0.682828282828283 0.83030303030303
"wine" 0.949965600275198 0.949563553491572 0.983298933608531 0.97218782249742 0.971861025111799
"yeast" 0.592481696049845 0.544383640242289 0.648736313000313 0.296793988527033 0.590007179488624
"zoo" 0.960716783216783 0.961625874125874 0.968409090909091 0.959318181818182 0.928665501165501
